1110
1115
1062
1017
1069
1004
1061
1081
1043
1006
1039
1018
966
1020
1030
1028
1062
986
1013
1014
1058
991
997
956
1074
1021
979
989
1023
1004
1011
1006
969
990
977
993
996
1012
995
991
1026
1008
974
1060
959
1002
1036
969
983
959
1014
1009
987
1020
1004
1005
1020
1059
1008
1018
955
971
1027
1022
985
983
1013
1020
1017
1041
1015
994
1018
920
955
946
978
1026
979
968
990
1000
1017
987
1001
974
1008
1034
985
1063
960
1026
1001
951
1017
977
998
974
1024
1014
954
1008
987
985
996
1058
995
1048
1006
1041
970
912
963
933
1037
947
912
969
1060
976
1040
956
961
1019
983
863
1030
1043
1003
1004
993
962
969
995
971
969
1056
1004
999
1031
975
1017
1021
947
986
963
997
956
979
963
974
1020
973
920
993
938
1000
938
932
996
1036
1013
954
1009
1009
1019
1001
1041
1007
1036
955
1013
1031
1013
1034
1036
1063
977
996
927
1020
1015
1049
1001
965
995
974
975
1002
955
954
960
962
976
987
972
954
954
988
939
1044
1009
1029
994
962
996
998
975
1042
1021
1020
970
998
1001
990
980
1004
984
980
998
946
957
1010
944
937
998
991
983
999
1008
980
1002
988
967
963
971
966
998
975
965
952
956
1028
923
1014
994
1008
989
1026
1031
921
1005
1039
971
1000
946
1055
1004
1006
1042
975
987
961
949
1000
972
986
994
1001
1009
1040
975
973
959
965
918
935
921
1017
991
1003
953
991
984
1055
971
963
1065
1020
961
994
998
947
957
950
989
995
1018
972
975
1003
1006
970
944
980
1010
952
982
990
970
1023
988
964
942
1039
1025
1043
973
957
939
1002
984
971
1015
1032
993
1032
969
1026
956
997
1053
993
1010
963
1019
956
986
1053
1007
968
991
980
914
1021
993
913
1002
1012
982
1014
936
1011
955
995
971
1026
940
951
914
1018
970
992
966
933
1000
1067
1015
979
982
1015
985
1042
952
1009
997
1068
946
977
1003
1010
988
911
973
999
963
986
978
941
969
980
1012
1008
941
993
1001
992
935
910
989
888
970
974
935
1033
986
960
965
948
969
1004
969
962
958
989
926
998
1012
987
947
988
1048
992
980
960
966
943
990
964
983
1027
1015
1000
970
945
998
1008
952
956
1027
1012
979
975
1030
1088
998
971
1028
983
1033
958
990
1026
1014
994
1025
1063
908
1008
1008
1020
988
947
973
955
1018
962
1017
972
950
970
932
941
964
1033
999
972
931
1034
964
973
988
995
1008
986
1001
966
988
946
982
1049
974
967
978
964
979
990
986
1005
1004
