1587
1780
1848
1536
1792
1824
1904
2004
1960
1944
1716
1793
1760
1808
1830
1798
1744
1848
1792
1800
1794
1806
1841
1792
1778
1706
1836
1586
1875
1738
1872
1838
1832
1760
1896
1845
1896
1896
1984
1962
2008
1928
1958
2140
2057
2008
2129
2149
2059
2112
2062
2162
2148
2216
2259
2265
2256
2210
2128
2068
1988
1989
1928
1924
1872
1964
1952
1846
1858
1716
1856
1724
1856
1868
1874
1885
1808
1801
1750
1735
1840
1859
1940
1968
1888
1920
1952
1822
1784
1576
1868
1796
1888
1795
1748
1800
1816
1797
1824
1857
