1700
1568
1808
1776
1820
1825
1937
1864
1920
1872
1937
1753
1842
1704
1926
1812
1769
1768
1758
1770
1856
1725
1868
1772
1804
1824
1760
1812
1932
1664
1776
1872
1872
1776
1792
1826
1792
1837
1874
1792
1598
1774
1798
1835
2216
2900
3788
3864
3860
3852
3869
3865
3846
3832
3824
3840
3824
3820
2794
2106
1773
1874
1804
1838
1880
1742
1816
1843
1848
1881
1714
1880
1784
1806
1828
1786
1824
1840
1704
1824
1816
1859
1868
1894
1828
1762
1888
1924
1913
1802
1892
1965
1962
1984
1880
1880
1856
1912
1890
1824
