1794
1834
1818
1688
1810
1856
1873
1820
1968
1864
1894
2003
1884
1888
2016
1868
2012
1784
1776
1768
1888
1831
1792
1794
1772
1808
1812
1696
1820
1833
1760
1896
1730
1904
1829
1746
1864
1833
1825
1776
1816
1768
1768
1936
2016
2086
2067
2198
2375
2332
2332
2323
2480
2449
2370
2448
2336
2193
2256
2187
2048
1984
1864
1762
1913
1768
1847
1776
1831
1952
1856
1756
1848
1801
1736
1806
1674
1774
1914
1881
1804
1752
1782
1792
1830
1852
1749
1843
1736
1846
1876
1792
1834
1792
1728
1906
1752
1868
1632
1770
