1747
1840
1792
1827
1553
1841
1808
1880
1930
1864
1936
1745
1840
1668
1898
1760
1733
1748
1768
1764
1771
1846
1820
1728
1762
1836
1744
1817
1860
1800
1904
1856
1814
1880
1845
1860
1836
1904
1897
1987
1798
1876
2150
2081
2288
2233
2252
2192
2281
2315
2224
2204
2312
2326
2339
2370
2329
2176
2121
2023
1976
1915
1776
2006
1846
1832
1904
1808
1890
1829
1808
1802
1776
1792
1872
1875
1834
1737
1895
1792
1844
1865
1825
1814
1848
1822
1892
1792
1821
1824
1755
1881
1811
1680
1796
1818
1904
1916
1892
1817
