1818
1729
1728
1800
1800
1792
1880
1888
1952
1882
1945
1976
1890
1925
1707
1925
1856
1871
1896
1858
1832
1936
1922
1928
1766
1763
1750
1816
1737
1846
1824
1873
1848
1696
1831
1792
1825
1785
1760
1808
1768
1812
1740
1692
1808
2378
3776
3840
3840
3846
3856
3826
3816
3811
3808
3808
3800
3792
2802
1920
1692
1764
1728
1811
1840
1732
1792
1782
1793
1800
1856
1848
1701
1830
1900
1795
1792
1720
1825
1804
1734
1808
1766
1881
1811
1786
1796
1812
1720
1743
1824
1808
1754
1864
1752
1741
1856
1728
1768
1894
