1712
1398
1583
1728
1788
1800
1858
1856
1932
1747
1938
1908
1684
1792
1736
1792
1812
1744
1760
1706
1796
1856
1920
1818
1704
1808
1820
1785
1780
1672
1852
1868
1924
2024
1920
1945
1860
1984
1938
1888
2084
1792
2076
2096
2176
2182
2112
2080
2112
2118
2195
2058
2110
2104
2164
2212
2172
2034
2120
2048
2032
1948
1952
1910
1827
1994
1865
1870
1157
1868
1768
1868
1944
1760
1846
1894
1932
1877
1937
1928
1924
1894
1865
1816
1864
1920
1929
1884
1849
1904
1936
1892
1980
1868
1904
1876
2022
1876
1776
1768
