1841
1876
1821
1672
1836
1496
1760
1888
1900
1850
1944
1722
1920
1872
1856
1963
1921
1932
1864
1748
1864
1856
1862
1740
1752
1800
1836
1772
1750
1774
1793
1792
1817
1762
1792
1796
1813
1784
1776
1754
1732
1864
1860
1952
2144
2368
2624
2992
3209
3378
3304
3428
3673
3564
3586
3264
3170
3016
2650
2240
2192
1904
1712
1756
1750
1752
1818
1765
1707
1826
1664
1785
1760
1584
1808
1851
1744
1800
1830
1794
1830
1840
1696
1824
1816
1814
1761
1761
1832
1832
1809
1754
1694
1766
1792
1813
1804
1713
1816
1762
