1660
1680
1569
1763
1828
1867
1864
1932
1859
1892
1894
1859
1892
1869
1812
1825
1952
1910
1664
1904
1848
1933
1765
1876
1884
1933
1884
1808
1856
1924
1856
1928
1644
1874
1808
1812
1776
1772
1812
1870
1888
1821
1872
2038
2048
2050
2120
2152
2193
2368
2246
2246
2196
2298
2451
2380
2340
2193
2246
2185
1957
1960
1921
1920
1936
1819
1844
1876
1804
1936
1921
1776
1900
1984
1884
1920
1736
1792
1848
1900
1820
1796
1832
1824
1824
1863
1811
1736
1864
1760
1826
1792
1867
1756
1800
1798
1762
1794
1870
1807
