1792
1758
1834
1643
1810
1812
1920
1964
1909
1940
1932
1864
1756
1804
1752
1770
1931
1760
1817
1907
1820
1728
1856
1693
1796
1760
1718
1812
1806
1680
1809
1830
1857
1942
1904
1776
1896
1928
1968
1792
1868
1808
1897
1840
1964
2048
2292
2284
2448
2664
2641
2560
2520
2560
2656
2497
2474
2338
2242
2048
1960
1858
1852
1870
1880
1872
1904
1924
1872
1856
1824
1828
1920
1900
1924
1880
1923
1888
1832
1868
1744
1884
1874
1892
1836
1888
1912
1834
1812
1817
1880
1960
1932
1856
1924
1955
1810
1784
1964
1920
