1771
1806
1850
1677
1737
1840
1886
1954
1920
1844
1814
1833
1780
1757
1867
1760
1776
1836
1764
1762
1820
1856
1844
1776
1840
1776
1784
1828
1880
1848
1904
1968
1793
1874
1912
1932
1998
1904
1978
1891
1976
2048
2064
2128
2144
2104
2260
2240
2204
2272
2280
2112
2200
2296
2294
2380
2390
2274
2185
2214
2132
1960
1964
1858
1884
1880
1880
1766
1928
1840
1954
1900
1876
1820
1674
1778
1731
1756
1842
1818
1812
1570
1826
1836
1872
1876
1760
1840
1800
1718
1771
1716
1848
1756
1838
1852
1756
1872
1728
1766
