1428
1350
1379
1352
1414
1328
1280
1332
1339
1302
1292
1297
1341
1299
1245
1353
1264
1368
1298
1255
1263
1363
1360
1282
1353
1307
1352
1312
1360
1330
1306
1309
1248
1333
1303
1292
1263
1367
1349
1332
1299
1356
1336
1388
1351
1291
1313
1353
1294
1271
1290
1271
1272
1334
1283
1303
1258
1349
1302
1362
1259
1326
1324
1296
1264
1309
1349
1344
1265
1311
1350
1288
1276
1282
1329
1325
1257
1292
1330
1379
1283
1283
1300
1282
1264
1295
1273
1310
1308
1363
1270
1314
1315
1275
1303
1328
1363
1369
1319
1331
1344
1274
1311
1308
1258
1286
1276
1272
1344
1263
1221
1320
1363
1282
1272
1280
1327
1297
1275
1379
1286
1297
1364
1349
1319
1373
1292
1323
1248
1228
1325
1365
1343
1328
1281
1368
1224
1243
1335
1348
1305
1262
1269
1330
1329
1288
1261
1284
1311
1272
1370
1285
1324
1264
1282
1338
1292
1393
1266
1296
1325
1280
1278
1286
1216
1334
1339
1281
1273
1312
1309
1287
1283
1263
1278
1251
1295
1272
1248
1269
1306
1270
1360
1328
1383
1277
1343
1232
1300
1268
1231
1291
1335
1318
1310
1288
1336
1302
1251
1271
1263
1339
1270
1361
1293
1304
1287
1352
1287
1316
1246
1354
1254
1309
1282
1326
1292
1331
1228
1302
1270
1236
1298
1257
1274
1304
1264
1331
1295
1292
1283
1348
1375
1416
1289
1289
1341
1376
1307
1340
1336
1312
1294
1332
1344
1305
1239
1310
1248
1338
1302
1285
1270
1295
1284
1308
1329
1264
1288
1403
1304
1315
1271
1292
1339
1269
1347
1318
1317
1320
1356
1301
1383
1302
1320
1261
1396
1260
1233
1278
1302
1327
1292
1339
1345
1346
1308
1324
1383
1256
1301
1268
1268
1337
1294
1350
1246
1267
1331
1360
1319
1330
1346
1258
1272
1337
1299
1249
1332
1261
1316
1324
1291
1293
1329
1308
1233
1295
1303
1219
1287
1329
1290
1266
1241
1337
1278
1224
1252
1347
1262
1302
1347
1279
1315
1268
1323
1240
1274
1244
1305
1224
1274
1275
1283
1267
1300
1279
1344
1297
1363
1313
1323
1329
1272
1289
1388
1282
1276
1330
1304
1280
1322
1301
1274
1277
1208
1369
1370
1277
1358
1343
1292
1299
1311
1267
1262
1341
1262
1318
1316
1289
1303
1299
1282
1319
1314
1232
1269
1303
1326
1291
1334
1295
1291
1256
1280
1257
1227
1295
1288
1240
1270
1262
1315
1291
1306
1278
1264
1338
1279
1276
1320
1248
1281
1288
1240
1312
1248
1304
1268
1331
1339
1298
1282
1323
1325
1256
1264
1294
1260
1355
1351
1279
1321
1334
1300
1300
1290
1299
1260
1342
1294
1305
1304
1286
1269
1267
1294
1290
1319
1329
1297
1316
1302
1238
1273
1296
1359
1363
1345
1257
1255
1335
1344
1255
1311
1327
1264
1254
1355
1274
1297
1244
1360
1285
1239
1309
1328
1319
1281
1315
1324
1333
1284
1368
1291
1296
1396
1316
1304
1270
1233
1297
1336
1338
1328
1271
1299
1336
